# Fix print output for fix energy
0 -17045.261817256912764 92.30590431752510483 -16952.955912939389236
100 -17019.229265500125621 129.90556757347437156 -16889.323697926651221
200 -16966.814068365398271 187.45894081035854128 -16779.355127555038052
300 -16873.149756188657193 270.78886445465042243 -16602.360891734006145
400 -16765.757260479978868 418.70309477704631718 -16347.054165702931641
500 -16598.33815804376718 575.78503523135907471 -16022.55312281240731
600 -16433.472407164765173 704.90530846017804834 -15728.567098704586897
700 -16392.32444052027131 742.23566225948150077 -15650.088778260789695
800 -16468.909386279290629 685.6098276927311872 -15783.299558586559215
900 -16611.261381239000912 647.21210092508545131 -15964.049280313915006
1000 -16650.383992542650958 528.81033980295524088 -16121.573652739694808
1100 -16701.320942384409136 464.15842272796868428 -16237.162519656440054
1200 -16745.05641766626286 407.29442085449989008 -16337.761996811763311
1300 -16779.217815744319523 366.41832788700372703 -16412.799487857315398
1400 -16804.163531101192348 343.47032580431880433 -16460.693205296873202
1500 -16811.689016413343779 319.5543617292809131 -16492.134654684061388
1600 -16829.94437771516823 327.37364970000118092 -16502.570728015165514
1700 -16830.169136734493804 300.99119279850748399 -16529.17794393598524
1800 -16838.155326404397783 291.11944837750672832 -16547.035878026890714
1900 -16852.217583790879871 299.34752000751899459 -16552.87006378336082
2000 -16857.614576178795687 297.43089785589279472 -16560.183678322904598
2100 -16850.831495109756361 280.20806879450924498 -16570.623426315247343
2200 -16878.793935490590229 303.47211751677514258 -16575.321817973814177
2300 -16867.248643702332629 286.92323395506821271 -16580.32540974726362
2400 -16863.861948522884632 277.04712914586104944 -16586.814819377024833
2500 -16868.64111808632515 265.81901145098368033 -16602.822106635339878
2600 -16875.107974624286726 264.70951631996729247 -16610.398458304320229
2700 -16892.958386137797788 271.86865351353071674 -16621.089732624266617
2800 -16871.881391398717824 251.58792175813860581 -16620.293469640579133
2900 -16882.818133410753944 258.96487953811191574 -16623.853253872643108
3000 -16879.475579329275206 269.62011440413436958 -16609.85546492514186
3100 -16879.982244911996531 274.35612865379437153 -16605.626116258201364
3200 -16889.531182406670268 275.14460716284975206 -16614.386575243821426
3300 -16883.742231904467189 260.83297017483442914 -16622.909261729633727
3400 -16883.032071037509013 251.92843375771761316 -16631.103637279789837
3500 -16891.814828441849386 254.5583791273556642 -16637.256449314492784
3600 -16904.383234265696956 260.55575951323163508 -16643.827474752466514
3700 -16887.469672495033592 235.71929017556294639 -16651.7503823194711
3800 -16904.00148685917884 246.39771217416523541 -16657.603774685012468
3900 -16890.393399603290163 232.18975094834252104 -16658.203648654947756
4000 -16901.614249432997894 242.82511105813503605 -16658.789138374861068
4100 -16903.23093989861809 248.69713135800384407 -16654.5338085406147
4200 -16899.599721766833682 249.67847409298511252 -16649.921247673850303
4300 -16898.283288337144768 239.62852305122882512 -16658.654765285915346
4400 -16894.366871949474444 230.1867115290758079 -16664.180160420397442
4500 -16911.553572069202346 239.11869702990767905 -16672.434875039296458
4600 -16906.933597551276762 227.76914542088516669 -16679.164452130393329
4700 -16908.312032874182478 227.10384516264971921 -16681.208187711534265
4800 -16902.823044404092798 223.32610427974125855 -16679.496940124350658
4900 -16907.875744618530007 232.05142335163571943 -16675.824321266893094
5000 -16901.641871559728315 226.50195899957540746 -16675.139912560152879
5100 -16904.780579093581764 226.43383851242083438 -16678.346740581160702
5200 -16901.127896550155128 222.15170643287459029 -16678.976190117278747
5300 -16908.794616571121878 229.61694166395221828 -16679.177674907168694
5400 -16912.775565360232576 227.9479631751053148 -16684.827602185127034
5500 -16920.274309881686349 230.92295085164062129 -16689.351359030046297
5600 -16916.751553381465783 222.58265805983242558 -16694.16889532163259
5700 -16920.696904175358213 220.83904573020856787 -16699.857858445149759
5800 -16925.169609897795453 222.88230831954101063 -16702.287301578253391
5900 -16922.286557142491802 218.6251390404420647 -16703.661418102048628
6000 -16932.299890519847395 225.22764522058528769 -16707.072245299263159
6100 -16934.584849087441398 226.86298710839642467 -16707.721861979043751
6200 -16918.433693612747447 208.26490818021440532 -16710.168785432531877
6300 -16932.662685997522203 217.90865095303746557 -16714.754035044483317
6400 -16935.723539719307155 218.41631492873506204 -16717.307224790572945
6500 -16929.971606664421415 207.90983536048526048 -16722.061771303935529
6600 -16943.999754878517706 215.77993923609508897 -16728.219815642423782
6700 -16941.481791376580077 205.84275494412048602 -16735.639036432457942
6800 -16940.48329905380524 198.53715414703935949 -16741.946144906767586
6900 -16945.702715672443446 200.85951330616774158 -16744.843202366275364
7000 -16941.38059488516592 198.43650366463245405 -16742.944091220531845
7100 -16938.335655758368375 197.66089760093598215 -16740.674758157430915
7200 -16940.926667799059942 202.30029096230660457 -16738.626376836753479
7300 -16934.150981587255956 198.33456574381912674 -16735.816415843437426
7400 -16932.328054110083031 197.04112379548047329 -16735.286930314603524
7500 -16929.784687358092924 196.12448346329176729 -16733.660203894800361
7600 -16942.430699364700558 211.52525653609643541 -16730.905442828603555
7700 -16938.265996951136913 204.33299202272377215 -16733.933004928414448
7800 -16933.949030561281688 196.40856914333434702 -16737.540461417946062
7900 -16935.679333254051016 196.5165077950454986 -16739.162825459006854
8000 -16936.092294101526932 198.26968955704688824 -16737.822604544478963
8100 -16932.01153905744286 195.09656873861538884 -16736.914970318826818
8200 -16933.318078373686149 198.40528790066019837 -16734.912790473026689
8300 -16932.641445816429041 198.63590658092792296 -16734.005539235502511
8400 -16943.802098159972957 211.44275374821143032 -16732.359344411761413
8500 -16934.280325015486596 204.40534695656930353 -16729.874978058916895
8600 -16930.368049083936057 200.18830794490389735 -16730.179741139032558
8700 -16935.183730647095217 203.64502074428818901 -16731.538709902808478
8800 -16943.025557001205016 209.4962737294066244 -16733.529283271796885
8900 -16940.730019752412773 206.93040482132371949 -16733.799614931089309
9000 -16939.173915456096438 205.33666645463412692 -16733.837249001462624
9100 -16937.961836093181773 204.43306915605336371 -16733.528766937128239
9200 -16938.647928289097763 202.75838935294154908 -16735.889538936156896
9300 -16942.844431464305671 203.78444764453072935 -16739.059983819774061
9400 -16943.420782848395902 203.43342575500281555 -16739.987357093392347
9500 -16940.704735000792425 199.55822998379093747 -16741.146505017000891
9600 -16946.465716479640832 205.00721397666706025 -16741.458502502973715
9700 -16944.85825641885458 201.68716817251737439 -16743.171088246337604
9800 -16945.922719939524541 202.78831843148265079 -16743.134401508043084
9900 -16934.070847119521204 190.06695900124586274 -16744.003888118273608
10000 -16945.786374272407556 198.42240912782972373 -16747.363965144577378
10100 -16950.107795098727365 197.10464216864357923 -16753.003152930083161
10200 -16945.890907527580566 188.59143201252192057 -16757.299475515057566
10300 -16948.906286755944166 184.08487329264056598 -16764.821413463305362
10400 -16952.563900477252901 185.91678343908856164 -16766.647117038162833
10500 -16950.059882208082854 183.48085595921963886 -16766.579026248862647
10600 -16952.027080498635769 187.24290614980338887 -16764.784174348831584
10700 -16947.849722447590466 182.93081376083472378 -16764.918908686755458
10800 -16954.272748092287657 188.77645298476019775 -16765.496295107528567
10900 -16955.397738531770301 189.69364298904469024 -16765.704095542725554
11000 -16957.963473550636991 189.0264295229101208 -16768.937044027727097
11100 -16952.346581201338267 181.43399135017492085 -16770.91258985116292
11200 -16957.345492075179209 185.05822123644978205 -16772.287270838729455
11300 -16951.215886812016834 179.24534600471810109 -16771.970540807298676
11400 -16958.821748179543647 186.58651470369858316 -16772.235233475843415
11500 -16951.677516384504997 180.38648837009188242 -16771.291028014413314
11600 -16959.003806693792285 188.3860187449232626 -16770.617787948867772
11700 -16956.636146555589221 188.52705126086175369 -16768.109095294727013
11800 -16958.839567685794464 192.34104426360661932 -16766.498523422189464
11900 -16952.117803221804934 185.70643200823042207 -16766.411371213573148
12000 -16960.911394040907908 192.95090776576182634 -16767.960486275147559
12100 -16952.321222777984076 183.49744698677392307 -16768.82377579121021
12200 -16961.371498599473853 191.067022554198644 -16770.304476045275806
12300 -16959.123184550633596 187.77921896862332574 -16771.343965582011151
12400 -16964.550930186207552 190.1215803423095565 -16774.429349843896489
12500 -16958.644564285583328 181.64325198647159709 -16777.001312299111305
12600 -16964.682240278441895 186.24558513108075886 -16778.436655147361307
12700 -16962.212028795689548 181.68831656527689233 -16780.523712230413366
12800 -16961.514695549281896 179.08700665403847552 -16782.427688895244501
12900 -16953.13999300141586 168.67169173799501891 -16784.468301263419562
13000 -16969.297782369969354 184.7243599523811497 -16784.573422417586698
13100 -16968.559196181235166 184.46562089458973333 -16784.093575286646228
13200 -16961.347814246120834 177.05049226824377229 -16784.297321977875981
13300 -16965.619583690051513 181.31864828731676198 -16784.300935402734467
13400 -16964.194457069854252 180.11106592005040739 -16784.083391149804811
13500 -16961.973074998059019 179.17081085379263072 -16782.802264144265791
13600 -16964.175150731014583 183.23166942979139549 -16780.943481301223073
13700 -16961.427179673068167 183.3131693605070609 -16778.114010312561732
13800 -16955.009419481870282 178.16329075977520802 -16776.846128722096182
13900 -16956.271669144680345 179.94766660648269863 -16776.32400253819651
14000 -16956.245427323639888 181.05071755534848421 -16775.194709768289613
14100 -16952.524583625130617 178.53328634674758746 -16773.991297278382262
14200 -16962.100763839029241 187.69486240649194997 -16774.405901432535757
14300 -16953.460559156170348 178.43840235923610749 -16775.022156796934723
14400 -16949.221710997524497 171.37014851481478672 -16777.851562482708687
14500 -16952.849610631452379 174.38139046996889192 -16778.468220161485078
14600 -16956.036554354159307 178.06327398653513683 -16777.973280367623374
14700 -16953.283321457900456 176.32440508098886767 -16776.958916376912384
14800 -16950.414675403077126 178.23784499387235769 -16772.176830409203831
14900 -16949.958568336991448 177.16650133818231438 -16772.792066998808878
15000 -16952.596697931992821 178.57212041512062228 -16774.024577516873251
15100 -16959.914942864252225 187.17815587489641871 -16772.736786989356915
15200 -16953.876228620876645 182.72971379536880931 -16771.146514825508348
15300 -16948.831473369660671 177.08232728139364553 -16771.749146088266571
15400 -16948.278591287878953 175.0544887609853788 -16773.224102526892239
15500 -16955.625590714582358 179.59022577953967925 -16776.035364935043617
15600 -16964.267373090409819 185.53416961972760646 -16778.733203470681474
15700 -16970.955377038633742 189.14661003635694669 -16781.808767002275999
15800 -16965.467803959087178 181.43222929265886023 -16784.035574666428147
15900 -16965.367087637445366 180.11628770042702286 -16785.250799937017291
16000 -16962.519770322604018 177.36697343425183249 -16785.152796888352896
16100 -16960.467359331327316 175.57693654791637528 -16784.890422783410031
16200 -16957.601001800587255 171.91958628132931608 -16785.681415519258735
16300 -16968.061539665814053 181.99952387135675735 -16786.062015794457693
16400 -16962.9891197242614 177.12473257609855182 -16785.864387148161768
16500 -16960.593187156773638 172.80643149393787894 -16787.786755662837095
16600 -16962.740556370154081 173.98509690397281702 -16788.755459466181492
16700 -16966.705841159560805 177.53870776688287947 -16789.167133392678807
16800 -16970.492026159936358 179.99037684515255364 -16790.501649314785027
16900 -16974.935286248695775 182.562577690220877 -16792.372708558476006
17000 -16969.269308142596856 176.0430197805033572 -16793.226288362093328
17100 -16972.800302810945141 178.24816166832158615 -16794.552141142623441
17200 -16973.698023673463467 176.76448894854860328 -16796.933534724914352
17300 -16969.91938509218744 169.34121954364059093 -16800.578165548547986
17400 -16967.912564941474557 164.6073233534050928 -16803.305241588070203
17500 -16974.96897399415684 169.86473790028770736 -16805.104236093869986
17600 -16978.847685206725146 173.19100595797891629 -16805.656679248746514
17700 -16973.410427579161478 166.75523938657684653 -16806.655188192584319
17800 -16977.383923292520194 170.58220549509454145 -16806.801717797425226
17900 -16977.132153851944167 169.80930507774502303 -16807.322848774198064
18000 -16980.812874928877136 173.48857985499037682 -16807.324295073885878
18100 -16974.183127325919486 168.30063914831069383 -16805.882488177609048
18200 -16966.436817892335966 161.21937058763268169 -16805.217447304701636
18300 -16976.188916675131622 173.26568276776538369 -16802.92323390736783
18400 -16966.567649629691005 167.75944974399362764 -16798.808199885697832
18500 -16965.741668670587387 169.94930612448243323 -16795.792362546104414
18600 -16964.241457451604219 171.84621004943281264 -16792.395247402171663
18700 -16962.497035653868807 170.80908935921422653 -16791.687946294656285
18800 -16968.608803800623718 175.60444160008913173 -16793.004362200535979
18900 -16970.089329428272322 174.67180704793912582 -16795.41752238033223
19000 -16971.050307627483562 173.43673928373161175 -16797.613568343753286
19100 -16969.261551537936612 169.71933405717354049 -16799.542217480764521
19200 -16969.669107229452493 168.08179994381086431 -16801.587307285641145
19300 -16970.223219637184229 166.66790783097059148 -16803.555311806212558
19400 -16972.622162604933692 167.55225231529431085 -16805.069910289639665
19500 -16972.90114260341943 167.79867121346683234 -16805.10247138995328
19600 -16976.455344555226475 171.77939017513540421 -16804.675954380090843
19700 -16976.922771019751963 172.68879902730182607 -16804.233971992449369
19800 -16969.785670151861268 163.95139734171951318 -16805.834272810141556
19900 -16978.613832071288925 171.75960797261001289 -16806.854224098678969
20000 -16978.788249709283264 171.96479044020185256 -16806.823459269082377
20100 -16969.630199496230489 164.16469926134183765 -16805.465500234888168
20200 -16972.090039261893253 166.83591814755462224 -16805.254121114339796
20300 -16973.542839123801969 168.40081688387829217 -16805.1420222399247
20400 -16973.140516231713264 169.72674535750127234 -16803.413770874212787
20500 -16966.09685123577583 166.01524186796302729 -16800.081609367811325
20600 -16963.664598710409336 165.70607535795903686 -16797.958523352448537
20700 -16971.570784445611935 174.45882099110130525 -16797.11196345451026
20800 -16964.584831560187013 169.4795188048769603 -16795.105312755309569
20900 -16962.616314104499907 167.83100347541028441 -16794.785310629089508
21000 -16963.827486023597885 167.94323582005657158 -16795.884250203540432
21100 -16965.298057389867608 168.19816144290552984 -16797.099895946961624
21200 -16969.292168405874691 171.90442872942065833 -16797.387739676454657
21300 -16958.225570440205047 161.39458688617571624 -16796.830983554027625
21400 -16956.175168364839919 158.17443633483372878 -16798.000732030006475
21500 -16964.91634664553203 164.79444968436146723 -16800.121896961169114
21600 -16981.083125398992706 180.38760444350603507 -16800.695520955487154
21700 -16977.614872710026248 175.57978822790755657 -16802.035084482118691
21800 -16976.594855843726691 170.41886831833568294 -16806.175987525391974
21900 -16971.931970398607518 164.06627935392504014 -16807.865691044680716
22000 -16971.777244412314758 162.95044612114890015 -16808.826798291167506
22100 -16980.611926123128796 172.12938636763422551 -16808.482539755495964
22200 -16983.304822657661134 176.37205133959946579 -16806.932771318060986
22300 -16970.064684434273659 162.35015833736616742 -16807.71452609690823
22400 -16974.420344017191383 163.96765160548653739 -16810.452692411705357
22500 -16980.587209262346732 169.35159359442712912 -16811.235615667919774
22600 -16972.880789852410089 161.07474567738344717 -16811.806044175027637
22700 -16977.609002414450515 164.45291396489167823 -16813.15608844955932
22800 -16984.950278822543623 170.99651899875712502 -16813.95375982378755
22900 -16974.844532167691796 158.95054110349673238 -16815.893991064196598
23000 -16983.3053249272416 164.15359191883027279 -16819.151733008409792
23100 -16973.949141214008705 153.18351355314590023 -16820.765627660861355
23200 -16978.922220153683156 158.20881500345461745 -16820.713405150228937
23300 -16981.968607885180973 161.74677122661000794 -16820.221836658569373
23400 -16987.719656422552362 168.97840283586907617 -16818.741253586682433
23500 -16982.359841857414722 165.76452189534938952 -16816.595319962063513
23600 -16978.435594740389206 163.07958077820180165 -16815.356013962187717
23700 -16980.823283201465529 167.24883578790851857 -16813.574447413557209
23800 -16976.836904792708083 164.33784115916438395 -16812.499063633542391
23900 -16974.314313892205973 160.70704797840917877 -16813.607265913797164
24000 -16982.226393389217264 167.7703751720996479 -16814.456018217118981
24100 -16973.833670713054744 158.79802957871905278 -16815.035641134334583
24200 -16976.515947891271935 161.43086296096845444 -16815.085084930302401
24300 -16976.103174666157429 162.83545739594657675 -16813.267717270209687
24400 -16977.062990468246426 165.20114229360612512 -16811.861848174641636
24500 -16970.394389667304495 159.23162216974327521 -16811.162767497560708
24600 -16970.186791514555807 160.27184598880484145 -16809.914945525750227
24700 -16975.459352461999515 166.47578784379592776 -16808.983564618203673
24800 -16975.619353565216443 169.71367572474380836 -16805.9056778404738
24900 -16967.642424714518711 164.79307285242262537 -16802.849351862096228
25000 -16969.085594077223504 168.23363230033106674 -16800.851961776890676
25100 -16968.930522922055388 169.65252394739482611 -16799.277998974659567
25200 -16964.135882537862926 165.31303271519527698 -16798.822849822667195
25300 -16968.916864803628414 170.03197447604117087 -16798.884890327586618
25400 -16970.814359756845079 168.11549975832582504 -16802.698859998519765
25500 -16978.819211098427331 172.26521762012220051 -16806.553993478304619
25600 -16980.748946136329323 170.47600648178169536 -16810.272939654547372
25700 -16975.876810307890992 165.0462769834049368 -16810.830533324486169
25800 -16979.554751106148615 168.52380910999366392 -16811.030941996155889
25900 -16976.51542084513494 166.79431920655832755 -16809.721101638577238
26000 -16974.959117395068461 166.39213925707574049 -16808.5669781379911
26100 -16973.510158134002268 164.35005719029419424 -16809.160100943707221
26200 -16978.671587745448051 169.94444092504946298 -16808.727146820398048
26300 -16970.259654580200731 162.32975992565016554 -16807.929894654549571
26400 -16974.479182356062665 166.60275112182790735 -16807.876431234235497
26500 -16968.186343378940364 160.25543493901679426 -16807.930908439924679
26600 -16972.797843727486907 164.21122441630689082 -16808.586619311179675
26700 -16974.725673757398908 167.11072046289044124 -16807.614953294509178
26800 -16970.242153539966239 161.4190606457465833 -16808.82309289422119
26900 -16973.724186163788545 162.07852255656948159 -16811.645663607218012
27000 -16981.881953932119359 169.30080374924304465 -16812.581150182875717
27100 -16979.837400527641876 166.57566746384793532 -16813.261733063794964
27200 -16971.836087730491272 156.53149905696434985 -16815.304588673527178
27300 -16980.203909193431173 162.3405589921593446 -16817.863350201270805
27400 -16983.105456808068993 162.23207501064584335 -16820.873381797424372
27500 -16988.435352900072758 164.60606527589729353 -16823.829287624175777
27600 -16979.987210508865246 154.19484129153127583 -16825.792369217335363
27700 -16985.56352467438046 158.94373253507700383 -16826.619792139303172
27800 -16990.357154166591499 163.25149598245505445 -16827.105658184136701
27900 -16983.625140858279337 157.4160882076162693 -16826.209052650661761
28000 -16980.652745459501602 156.71812756524599308 -16823.934617894254188
28100 -16986.598249969771132 163.36916223685872751 -16823.229087732914195
28200 -16992.206702143914299 168.71064716557739871 -16823.496054978335451
28300 -16987.089746125235251 163.70565816282754668 -16823.384087962407648
28400 -16982.390989200997865 158.84499077519879506 -16823.545998425797734
28500 -16972.056624870601809 148.11918123017227344 -16823.937443640428683
28600 -16981.236416383831966 158.39667688897645803 -16822.839739494855166
28700 -16978.13657080635312 157.84554292238621542 -16820.291027883966308
28800 -16979.684648808739439 158.53442983277884082 -16821.150218975959433
28900 -16977.765951259985741 156.416597818011752 -16821.349353441972198
29000 -16982.215416615461436 159.32680717199465903 -16822.888609443467431
29100 -16984.585149914037174 162.21291645757216315 -16822.372233456466347
29200 -16981.31568720523137 158.45531310924906165 -16822.86037409598066
29300 -16977.990404590156686 153.85132008094669231 -16824.139084509210079
29400 -16981.650017382144142 155.78496483132011008 -16825.865052550823748
29500 -16983.168165089307877 156.93508015713476311 -16826.233084932173369
29600 -16985.837558764971618 160.16878944822286712 -16825.668769316747785
29700 -16989.303717360751762 165.93083678036356332 -16823.372880580387573
29800 -16977.643031502218946 155.06166880472997605 -16822.581362697488657
29900 -16986.531210501383612 164.05151991628451924 -16822.479690585099888
30000 -16983.542558759192616 162.78499889747965312 -16820.757559861711343
30100 -16976.130247056815278 157.11472021788520692 -16819.015526838931692
30200 -16977.066156434644654 158.42070029344799309 -16818.645456141195609
30300 -16980.450982574580848 161.97801156296094405 -16818.472971011618938
30400 -16979.428476684151974 161.54301672187744998 -16817.88545996227549
30500 -16978.881976706947171 162.40632855691879399 -16816.475648150029883
30600 -16979.051703693949094 164.90343892380815305 -16814.148264770141395
30700 -16974.166419802015298 163.28683216792049393 -16810.879587634095515
30800 -16978.878125915380224 170.51340147157125671 -16808.364724443810701
30900 -16970.215048109868803 163.34998325722119716 -16806.865064852649084
31000 -16973.671032640508201 166.37475736125878711 -16807.296275279248221
31100 -16968.642669528191618 161.30547578618626403 -16807.337193742005184
31200 -16965.854441210442019 158.29421193255453204 -16807.56022927788581
31300 -16964.518712100823905 156.38906721475447625 -16808.129644886070309
31400 -16970.486413340709987 161.67052237338864984 -16808.815890967322048
31500 -16971.102105829089851 162.0675865753537721 -16809.034519253735198
31600 -16976.772117383687146 164.70598080343583547 -16812.066136580251623
31700 -16979.313592844053346 164.58101900157925002 -16814.732573842473357
31800 -16980.184323361918359 161.55019590449947486 -16818.634127457418799
31900 -16984.931010761756625 162.11847617226663942 -16822.812534589491406
32000 -16979.941988149887038 151.85384590195693022 -16828.088142247928772
32100 -16990.91858533550112 157.73605210482810435 -16833.182533230672561
32200 -16988.677915003816452 151.73657487862760718 -16836.941340125187708
32300 -16995.590751898202143 156.22924998042390143 -16839.361501917777787
32400 -16992.807118665838061 154.02976580365518089 -16838.777352862183761
32500 -16988.21298584489341 150.06736333264157679 -16838.145622512252885
32600 -16989.664994163482334 152.29083832235832574 -16837.374155841123866
32700 -16984.586592542858853 148.43964914988922033 -16836.14694339297057
32800 -16984.354280812967772 149.14465415235750356 -16835.209626660609501
32900 -16990.830136833417782 156.47802703413077552 -16834.352109799285245
33000 -16991.422920584209351 158.006277631379902 -16833.416642952830443
33100 -16988.746466868069547 156.05814973622085517 -16832.688317131847725
33200 -16987.115845292373706 155.64763951207947912 -16831.468205780292919
33300 -16987.594618371189426 157.42744492476398932 -16830.167173446425295
33400 -16990.945350187863369 162.46654965031407869 -16828.478800537548523
33500 -16988.234699825203279 160.29531534224787492 -16827.939384482953756
33600 -16984.805974158647587 157.02202960128954601 -16827.783944557359064
33700 -16984.140223274869641 157.07254589182960558 -16827.067677383038244
33800 -16988.434222213698376 163.28559404965943713 -16825.14862816403911
33900 -16988.314225306745357 167.16618661173166061 -16821.148038695013383
34000 -16979.91822524048257 161.49326427761434388 -16818.424960962867772
34100 -16979.852868226782448 162.2595444525634889 -16817.593323774217424
34200 -16977.992543268006557 162.0686122458596401 -16815.923931022145553
34300 -16975.116504727902793 159.11484196273349312 -16816.001662765167566
34400 -16979.126949967605469 162.71580167910352088 -16816.411148288501863
34500 -16982.526289929715858 165.36091249362692679 -16817.165377436089329
34600 -16977.523273480459466 159.13285935395518322 -16818.390414126504766
34700 -16982.244031986581831 163.08260238269980391 -16819.161429603882425
34800 -16977.254250624519045 158.87709864372087054 -16818.377151980799681
34900 -16981.832259518399951 163.29382895986165636 -16818.538430558539403
35000 -16981.141984457353828 161.90041008168549297 -16819.241574375668279
35100 -16973.961480688074516 153.63883347026586534 -16820.322647217810299
35200 -16976.971825525346503 154.55758698530644324 -16822.414238540040969
35300 -16984.884959259325115 161.39653132812793501 -16823.488427931195474
35400 -16985.760689509912481 161.90394755161699436 -16823.856741958294151
35500 -16994.282144746804988 170.86677764388932133 -16823.415367102916207
35600 -16978.768510493733629 154.52390501989307836 -16824.244605473839329
35700 -16982.004492828105867 156.09875561986982007 -16825.905737208235223
35800 -16983.071032527688658 157.67655607841103915 -16825.394476449277136
35900 -16978.485412519370584 151.28181129472099542 -16827.203601224649901
36000 -16981.951203015676583 151.03993991834894928 -16830.911263097328629
36100 -16989.474830199436838 155.70743854972928943 -16833.767391649707861
36200 -16994.656133752872847 160.15477638142701267 -16834.50135737144592
36300 -16986.028392662330589 154.91117650968874386 -16831.117216152641049
36400 -16987.526152740385442 159.23653366984595436 -16828.289619070539629
36500 -16977.293432068225229 150.30123647229143558 -16826.992195595932571
36600 -16978.030409203591262 150.69796660955671541 -16827.332442594033637
36700 -16980.203595379323815 153.45264997291917553 -16826.750945406405663
36800 -16987.181638105976162 161.1902418555810641 -16825.991396250396065
36900 -16983.814151457147091 159.0536669072005509 -16824.76048454994816
37000 -16981.231699685173226 157.46218627852607597 -16823.769513406648912
37100 -16979.46674556094149 156.54044142302353748 -16822.926304137916304
37200 -16975.966884474015387 154.37431151986370992 -16821.592572954152274
37300 -16979.669981290455326 158.52674107967266082 -16821.143240210782096
37400 -16979.571647635224508 158.13431961581557061 -16821.437328019408596
37500 -16976.789962582450244 150.94727191971972502 -16825.842690662731911
37600 -16988.118076609254786 158.81608685621947075 -16829.301989753035741
37700 -16982.878864011981932 153.15684375303834486 -16829.722020258945122
37800 -16988.602380309839646 159.01879119879990299 -16829.583589111040055
37900 -16984.537817390410055 153.85388052747205734 -16830.683936862937117
38000 -16991.080608276555722 160.00594285992519872 -16831.074665416628704
38100 -16988.547362201494252 158.66190969547704981 -16829.885452506016009
38200 -16988.205667249942053 159.28498223067740014 -16828.920685019264056
38300 -16983.38590153376208 156.92565338284828158 -16826.460248150913685
38400 -16978.646668711400707 153.49228893217178893 -16825.154379779229203
38500 -16986.793756355174992 163.38814511391905171 -16823.405611241254519
38600 -16983.574204507091054 162.39511686174589045 -16821.179087645345135
38700 -16977.934156368919503 155.97814751910368614 -16821.95600884981468
38800 -16981.615706681895972 156.86640600978137172 -16824.749300672116078
38900 -16984.53546862449366 157.30615136666017406 -16827.229317257832008
39000 -16981.126201223829412 149.62783350731587007 -16831.498367716514622
39100 -16987.136152481998579 151.29925893059680675 -16835.836893551400863
39200 -16996.673396446865809 157.89223149060714491 -16838.781164956257271
39300 -16994.371245089401782 154.39817251066770609 -16839.973072578733991
39400 -16989.333925192146125 149.35664637564687496 -16839.977278816499165
39500 -16991.086523002843023 151.08755606461500065 -16839.998966938226658
39600 -16990.627889805240557 149.29344540408661146 -16841.334444401152723
39700 -16994.401957769059663 151.34020753662682068 -16843.061750232431223
39800 -16994.086147360478208 149.99850364310216833 -16844.087643717375613
39900 -16993.552126152033452 150.93540357582239153 -16842.616722576211032
40000 -16992.473795845864515 153.14052867653765588 -16839.333267169327883
40100 -16990.107191147697449 153.1925421891115775 -16836.91464895858735
40200 -16982.149962725594378 146.48923912936626834 -16835.660723596229218
40300 -16991.676545213602367 155.7724024039363826 -16835.904142809664336
40400 -16989.075469128118129 154.05053763149038559 -16835.024931496627687
40500 -16988.688526048463245 155.77803030458048283 -16832.910495743883075
40600 -16984.020282883251639 153.21591040804446493 -16830.804372475206037
40700 -16983.238628128761775 151.88407695135958875 -16831.354551177402755
40800 -16991.892325872860965 159.98321387294342344 -16831.909111999917513
40900 -16985.892762046452845 154.35070565616703675 -16831.542056390284415
41000 -16981.49634769001932 151.29051122008777952 -16830.205836469933274
41100 -16975.763960854896141 147.91265734826092171 -16827.851303506635304
41200 -16983.67556153701662 159.11493528207287795 -16824.560626254944509
41300 -16970.921278842492029 148.31038396781298161 -16822.610894874680525
41400 -16979.367461993333563 159.9163703399479175 -16819.451091653387266
41500 -16969.164284953742026 151.61247959756167347 -16817.551805356179102
41600 -16982.289370332389808 164.3586162953012888 -16817.930754037090082
41700 -16979.881869238372019 160.86843841684591894 -16819.013430821527436
41800 -16979.665817847537255 157.58328789994814656 -16822.082529947587318
41900 -16986.214396623330686 159.29729862789122308 -16826.91709799543969
42000 -16986.491802992357407 154.56607040835243083 -16831.925732584004436
42100 -16988.268606903169712 151.95463829829390079 -16836.31396860487439
42200 -16990.163527134071046 153.05519947777159473 -16837.108327656300389
42300 -16989.195490228576091 152.11570424034590587 -16837.07978598822956
42400 -16991.830961908170138 155.63440582575071858 -16836.196556082421012
42500 -16984.163059952086769 150.66333151883947039 -16833.499728433245764
42600 -16984.499106565010152 152.48880960490157577 -16832.010296960110281
42700 -16986.0488123641735 153.29319864504509496 -16832.755613719127723
42800 -16991.873926666234183 158.04098494788203766 -16833.832941718352231
42900 -16986.058521687107714 153.21774780520115655 -16832.840773881907808
43000 -16986.111059305716481 154.19411413950564338 -16831.916945166209189
43100 -16986.526805466179212 156.47045881708373827 -16830.056346649096668
43200 -16985.232567130235111 154.93713074730220569 -16830.295436382933985
43300 -16986.905185668896593 156.76359442346998208 -16830.141591245424934
43400 -16991.749044614844024 161.66484900605846065 -16830.084195608786104
43500 -16981.028677315720415 150.99137850967764507 -16830.037298806044419
43600 -16980.810079684408265 150.62422985475600967 -16830.185849829653307
43700 -16986.29544298964538 155.35251896792519233 -16830.94292402172141
43800 -16984.922514610872895 152.40308863469113021 -16832.519425976181083
43900 -16989.813615181818022 155.81946518265502277 -16833.994149999161891
44000 -16993.301397548188106 157.83290502471206196 -16835.468492523476016
44100 -16985.650725693947606 148.68271824339620935 -16836.96800745055225
44200 -16992.110064456053806 155.2531408647688238 -16836.856923591283703
44300 -16988.449560621244018 154.91590709301505058 -16833.533653528229479
44400 -16989.243588483015628 157.60260744954592838 -16831.64098103346987
44500 -16985.496086251125234 153.02967558409824278 -16832.466410667027958
44600 -16989.375754302996938 154.61340754938808573 -16834.762346753610473
44700 -16982.685463029585662 147.03996650162349624 -16835.645496527962678
44800 -16982.505109876790812 146.38401191843863103 -16836.121097958352038
44900 -16992.22226778842014 157.03272980379389878 -16835.189537984624621
45000 -16988.736979872297525 155.49001707212880774 -16833.246962800167239
45100 -16985.638742001730861 153.99766770858616383 -16831.641074293143902
45200 -16984.621731431314402 152.52717541411666957 -16832.094556017196737
45300 -16988.034245908293087 156.02717781748708603 -16832.00706809080657
45400 -16989.450465464928129 154.63466855342028339 -16834.815796911509096
45500 -16988.937748215408647 150.4740091070511312 -16838.463739108356094
45600 -16987.57112343485278 144.30816095209277705 -16843.262962482760486
45700 -16994.927906672008248 149.92102421522679379 -16845.006882456782478
45800 -16998.816515206031909 155.02309243784768 -16843.793422768183518
45900 -16994.2161638430116 153.47677584991538424 -16840.739387993096898
46000 -16990.98506387100133 153.0001380476263364 -16837.984925823373487
46100 -16988.352705762172263 153.1354356116051747 -16835.217270150566037
46200 -16984.665028184539551 150.80909854194646869 -16833.855929642591946
46300 -16988.582220670919924 154.99716110480130737 -16833.585059566117707
46400 -16988.243988045112928 155.57425783478549874 -16832.669730210327543
46500 -16983.567770202505926 152.07318626238327397 -16831.494583940122538
46600 -16977.350153939809388 146.26674205754252966 -16831.083411882267683
46700 -16985.77798992129101 154.36633032204807137 -16831.41165959924183
46800 -16984.857351918908535 153.6598587156443898 -16831.197493203264457
46900 -16984.553738645965495 152.00954757234563886 -16832.544191073619004
47000 -16984.916277460284618 152.09128028659230836 -16832.824997173691372
47100 -16983.367970526869613 150.1814951225134962 -16833.186475404356315
47200 -16988.525666182515124 155.19185129448561611 -16833.333814888028428
47300 -16984.347084537002956 150.67722530084520827 -16833.669859236157208
47400 -16982.347579502373264 150.19859035643042944 -16832.148989145942323
47500 -16982.076789114456915 151.58052648755776204 -16830.496262626900716
47600 -16979.90442000918847 150.35299410911946438 -16829.551425900070171
47700 -16986.527460556968435 158.62032205529894213 -16827.907138501668669
47800 -16971.868396198056871 144.7471119535607329 -16827.121284244494746
47900 -16981.358006141170335 152.2905030608433492 -16829.067503080328606
48000 -16982.01454080592157 149.82234865396648615 -16832.19219215195335
48100 -16988.090710282544023 152.84721437599628757 -16835.243495906546741
48200 -16989.383526426361641 151.45395650150803135 -16837.92956992485415
48300 -16993.149512228210369 152.56116896061971033 -16840.588343267590972
48400 -16996.595163936450263 155.47370348263254414 -16841.121460453818145
48500 -16994.62641234417606 153.3164835905133998 -16841.309928753664281
48600 -16997.13903128090169 156.78443370871758589 -16840.354597572182684
48700 -16992.13962482050556 153.22155501976297387 -16838.918069800743979
48800 -16991.148505463817855 151.54220042432197602 -16839.606305039495055
48900 -16992.296795267564448 151.47723736370804204 -16840.819557903854729
49000 -16993.498551500975736 152.47576381591014183 -16841.02278768506585
49100 -16991.212893485575478 151.69096223776236343 -16839.521931247814791
49200 -16990.329112010109384 151.1632436333806595 -16839.165868376727303
49300 -16988.644044054664846 149.8163275190815682 -16838.827716535583022
49400 -16994.584894764335331 155.94062437670788768 -16838.64427038762733
49500 -16989.579007454223756 152.4968501509964085 -16837.082157303226268
49600 -16984.059625088171742 147.41369031663782607 -16836.645934771535394
49700 -16993.490044948328432 155.22875326244556504 -16838.261291685881588
49800 -16994.574990857126977 154.40972595944845125 -16840.165264897677844
49900 -16997.452523811414721 157.11972945818612857 -16840.332794353227655
50000 -16991.371932782130898 151.51245309686535734 -16839.859479685266706
