# Time-averaged data for fix flux_out
# TimeStep c_flux[1] c_flux[2] c_flux[3]
5100 3832.24 2439.6 -377.943
5200 2039.56 1339.06 -368.322
5300 -80.4635 -84.0149 -235.61
5400 -1981.43 -1414.83 -146.021
5500 -3803.32 -2601.48 -184.611
5600 -5534.61 -3565.68 -185.787
5700 -6896.5 -4603.47 -99.8279
5800 -8312.97 -5056.26 -88.8706
5900 -9237.4 -5808.5 -205.71
6000 -10133.6 -5921.44 -262.382
6100 -10641.8 -5728.2 -226.696
6200 -10593.6 -5457.4 -246.083
6300 -10662 -5058.53 -348.86
6400 -10359.7 -4319.33 -369.175
6500 -10459.4 -3676.89 -296.98
6600 -9911.42 -3058.84 -299.978
6700 -9395.15 -2477.72 -383.471
6800 -9224.45 -1823.03 -358.029
6900 -8813.18 -1641 -292.711
7000 -8352.99 -1126.46 -290.847
7100 -7937.74 -811.622 -387.28
7200 -7401.26 -1052.94 -342.532
7300 -6759.25 -1266.28 -281.993
7400 -6189.31 -1681.01 -293.253
7500 -5576.18 -2177.96 -351.751
7600 -5236.03 -2785.93 -317.827
7700 -4771.47 -3206.16 -224.137
7800 -4288.04 -3758.96 -269.348
7900 -4359.96 -4624.7 -316.233
8000 -4257.14 -5389.27 -276.003
8100 -3959.82 -5563.49 -192.704
8200 -4201.05 -6209.24 -263.323
8300 -4502.01 -6653.09 -297.198
8400 -4829.44 -6681.59 -259.225
8500 -5515.14 -6961.89 -194.966
8600 -6343.73 -7030.25 -250.788
8700 -6938.7 -6725.53 -286.602
8800 -7836.44 -6941.98 -219.309
8900 -8378.33 -6931.44 -186.907
9000 -9350.41 -6479.88 -252.409
9100 -9760.09 -6365.43 -297.78
9200 -10159.8 -6030.06 -255.787
9300 -10259.4 -5850.82 -263.11
9400 -9897.97 -5282.43 -380.953
9500 -9295.84 -4569.43 -444.858
9600 -8355.78 -4286.73 -403.611
9700 -6937.22 -3185.66 -388.239
9800 -5551.23 -2427.84 -448.948
9900 -3780.14 -1476.83 -428.276
10000 -1829.53 -490.901 -312.127
10100 384.553 575.328 -257.513
10200 2407.41 1698.95 -263.032
10300 4397.01 2793.32 -221.168
10400 6149.7 3551.64 -110.174
10500 7510.94 5019.99 -102.388
10600 9050.89 5438.27 -181.76
10700 10360.1 6233.27 -198.627
10800 10873.7 6701.23 -159.15
10900 11370 7051.99 -220.032
11000 11547.5 7187.45 -335.598
11100 11274.3 7350.93 -338.621
11200 10973.5 7301.68 -298.018
11300 10655.2 7467.01 -331.687
11400 9900.28 7025.41 -397.954
11500 9413.95 6914.2 -359.432
11600 8828.97 6691.04 -307.492
11700 8306.6 6298.17 -338.841
11800 7697.15 5846.37 -393.361
11900 7673.17 5649.9 -340.588
12000 7285.96 4990.66 -272.295
12100 6835.54 4680.42 -311.25
12200 7037.36 4489.74 -354.525
12300 7030.26 3531.19 -299.888
12400 6811.83 3525.68 -237.971
12500 7300.29 3435.76 -290.069
12600 7492.06 2813.54 -336.731
12700 7570.43 2822.11 -260.978
12800 7921.09 2986.7 -208.961
12900 8551.62 3164.98 -259.573
13000 8816.68 3057.06 -294.023
13100 9071.61 3520.08 -220.851
13200 9487.92 3710.79 -186.397
13300 9851.07 4370.94 -242.795
13400 10429.6 4654.47 -261.572
13500 10979.7 5244.65 -187.783
13600 11086.1 5841.02 -189.973
13700 11224.5 6397.24 -262.257
13800 11606.1 6588.44 -277.795
13900 11698.3 6719.27 -240.114
14000 11378.9 6771.85 -278.864
14100 10694.3 6778.83 -395.833
14200 9787.08 6146.05 -439.991
14300 9003.74 5303.52 -387.088
14400 7502.69 4724.93 -388.082
14500 5840.73 3532.92 -456.304
14600 3856.22 2644.78 -399.861
14700 2028.37 1500.76 -279.894
14800 26.1684 252.822 -230.205
14900 -1924.46 -912.967 -254.015
15000 -3956.83 -2037.01 -190.108
15100 -5494.41 -3044.35 -82.6909
15200 -7278.28 -4087.78 -114.758
15300 -8478.15 -4866.69 -193.88
15400 -9341.92 -5142.74 -190.759
15500 -9916.3 -5647.89 -141.124
15600 -10328.9 -5781.27 -238.947
15700 -10515.8 -5714.41 -339.513
15800 -10524.8 -5842.52 -337.189
15900 -10010.5 -5647.33 -286.107
16000 -9693.04 -5176.38 -338.083
16100 -9110.9 -4933.73 -401.965
16200 -8463.97 -4817.81 -328.454
16300 -7868.83 -4537.75 -281.059
16400 -7550.21 -4335.71 -330.482
16500 -7012.63 -3718.04 -394.618
16600 -6478.13 -3811.36 -309.814
16700 -6185.46 -3546.09 -268.709
16800 -6012.55 -3579.03 -334.575
16900 -5877.66 -3591.97 -349.85
17000 -5404.57 -3648.4 -286.616
17100 -5542.11 -3715.21 -240.775
17200 -5536.1 -3594.7 -305.795
17300 -5637.61 -3911.84 -323.647
17400 -5808.12 -3879.02 -243.922
17500 -6035.68 -4098 -204.406
17600 -6203.97 -4350.34 -288.281
17700 -6908.26 -4475.55 -306.25
17800 -7289.7 -4528.08 -201.201
17900 -7995.77 -4865.47 -195.16
18000 -8488.67 -4936.59 -263.694
18100 -8826.01 -5266.92 -262.942
18200 -9631.85 -5489.69 -172.5
18300 -10123.5 -5772.02 -188.406
18400 -10480.5 -5796.44 -304.814
18500 -10779.5 -6016.53 -301.031
18600 -10398.4 -5605.75 -277.919
18700 -9968.27 -5734.65 -335.119
18800 -9373.4 -5265.05 -462.737
18900 -8436.06 -4302.27 -450.251
19000 -7113.31 -3714.09 -375.268
19100 -5252.28 -2730.55 -404.527
19200 -3692.13 -1661.41 -448.611
19300 -1570.17 -798.833 -362.816
19400 110.317 517.169 -231.614
19500 2267.18 1871.27 -236.539
19600 4466.03 2881.35 -233.524
19700 6111.32 3951.47 -133.066
19800 7868.16 4952.38 -90.5084
19900 9119.27 5612.77 -161.186
20000 10088.9 6416.13 -233.526
20100 10989.2 6849.33 -183.395
20200 11584.8 6990.72 -183.746
20300 11458.9 6877.65 -302.123
20400 11502.8 6966.48 -378.552
20500 11421.1 6755.48 -323.748
20600 11174 6536.65 -317.367
20700 10688.5 5944.54 -381.718
20800 10232.5 5442.72 -405.976
20900 9984.89 5043.93 -310.215
21000 9360.37 4760.9 -293.13
21100 9153.53 4324.52 -378.733
21200 8558.95 3571.11 -355.736
21300 8169.13 3874.71 -290.29
21400 8057.19 3690.63 -268.276
21500 7860.93 3553.75 -345.842
21600 7640.4 3539.69 -329.833
21700 7266.51 3817.85 -242.464
21800 7206.98 3902.36 -236.308
21900 7263.59 3992.71 -322.305
22000 7562.99 4143.65 -306.297
22100 7650.13 4425.24 -209.55
22200 7685.98 4753.48 -222.905
22300 8166.42 5126.99 -301.966
22400 8500.34 5622.98 -266.398
22500 9127.24 5700.31 -172.192
22600 9613.1 6202.83 -183.381
22700 10108.9 6540.18 -284.251
22800 10473.8 6754.35 -229.665
22900 11053.1 7119.02 -158.456
23000 11634 7060.33 -200.458
23100 11714.3 7223.13 -330.093
23200 11632.4 6924.02 -323.678
23300 11501.2 7090.84 -255.017
23400 10741.7 6363.76 -373.148
23500 9993.24 6054.52 -488.307
23600 8773.35 5333.23 -432.982
23700 7107.99 4478.41 -345.051
23800 5336.84 3269.44 -386.411
23900 3509.23 2159.28 -437.065
24000 1382.45 1352.37 -312.783
24100 -895.077 338.287 -150.051
24200 -2754.18 -1375.21 -205.95
24300 -4663.72 -2359.41 -254.207
24400 -6460.67 -3092.09 -118.575
24500 -7789.56 -4194.05 -38.8079
24600 -8942.34 -4838.02 -181.775
24700 -10075 -5176.67 -246.766
24800 -10339.5 -5498.13 -200.536
24900 -10488.3 -6106.63 -189.584
25000 -10193.4 -6132.89 -346.087
25100 -9990.73 -6322.09 -407.678
25200 -9498.24 -6181.63 -300.706
25300 -8742.05 -6044.85 -295.491
25400 -8136.92 -6001.54 -387.854
25500 -7577.8 -5993.8 -378.708
25600 -7036.28 -5781.73 -263.915
25700 -6311.51 -5778.88 -279.607
25800 -6028.92 -5501.45 -370.593
25900 -5633.76 -5159.64 -396.587
26000 -5229.81 -4906.65 -230.831
26100 -5062.22 -4479.9 -240.275
26200 -5000.06 -4289.71 -384.702
26300 -5229.11 -3901.2 -346.5
26400 -5347.44 -3587.42 -220.661
26500 -5596.94 -3158.56 -232.685
26600 -5808.65 -2790.08 -380.002
26700 -6374.5 -2487.85 -298.409
26800 -6856.72 -2448.83 -164.861
26900 -7284 -2453.26 -216.691
27000 -7561.45 -2388.98 -334.693
27100 -8601.58 -2600.15 -262.461
27200 -8932.79 -2693.36 -127.329
27300 -9454.3 -3455.51 -252.063
27400 -9928.29 -3516.41 -288.548
27500 -10401.1 -4101.04 -233.332
27600 -10703.1 -4721.73 -164.149
27700 -10796.7 -4851.5 -256.004
27800 -10959 -5102.08 -368.662
27900 -10854 -5066.51 -301.648
28000 -10419.2 -5156.75 -295.524
28100 -9623.16 -4864.04 -415.194
28200 -8778.2 -4483.33 -508.592
28300 -7565.54 -3375.27 -397.553
28400 -6110.37 -2736.85 -345.057
28500 -4360.7 -1728.43 -422.792
28600 -2373.17 -433.309 -433.859
28700 -254.938 738.358 -278.471
28800 1443.33 1649.6 -172.203
28900 3727.33 3154.79 -245.112
29000 5307.42 4457.33 -221.602
29100 6853.52 5308.44 -68.9707
29200 8426.32 5959.81 -67.287
29300 9495.52 6642.17 -247.661
29400 10468 7016.62 -281.451
29500 10856.8 7081.82 -224.796
29600 11281.7 6910.67 -218.3
29700 11616.7 6468.32 -377.157
29800 11214.4 5976.81 -377.326
29900 11291 5090.32 -289.862
30000 11157.1 4331.67 -312.398
30100 10878.9 3474.86 -385.484
30200 10666.4 2706.7 -348.498
30300 10101.1 1905.08 -273.79
30400 9855.25 1677.01 -284.462
30500 9485.6 1394.38 -399.271
30600 9051.78 968.594 -391.215
30700 8390.06 974.147 -285.123
30800 8067.49 1105.13 -311.53
30900 7450.12 1734.76 -382.663
31000 7027.78 2189.46 -317.877
31100 6334.53 2769.18 -256.183
31200 5880.13 3333.99 -324.39
31300 5435.15 4507.03 -322.825
31400 5312.84 5166.11 -266.645
31500 4894.07 5939.86 -237.52
31600 5067.19 6461.76 -275.024
31700 5079.3 7134.68 -301.767
31800 5262.37 7213.51 -208.042
31900 5794.21 7676.98 -228.265
32000 6093.26 8063.73 -292.173
32100 7052.06 7967.5 -314.799
32200 7443.12 7848.34 -196.032
32300 8269.36 7852.84 -197.994
32400 9238.99 7459.5 -248.054
32500 10017.9 7484.77 -255.892
32600 10387.4 7210.28 -237.709
32700 10996 7039.76 -228.389
32800 11477.9 6809.44 -321.626
32900 11290.2 6055.33 -319.342
33000 10889.5 5754.39 -336.614
33100 9837.23 4977.24 -384.022
33200 8744.55 4350.3 -485.233
33300 7436.98 3373.48 -450.983
33400 5727.22 2471.81 -344.961
33500 3783.46 1573.86 -330.333
33600 1734.62 536.06 -356.886
33700 -408.414 -895.003 -231.55
33800 -2212.06 -1770.21 -164.027
33900 -4376.61 -2935.37 -188.472
34000 -5777.23 -3993.01 -168.841
34100 -7323.25 -4598.86 -149.775
34200 -8630.68 -5224.32 -88.3172
34300 -9474.67 -5807.48 -186.752
34400 -9711.87 -6502.62 -294.626
34500 -10152.5 -6702.17 -291.219
34600 -10097 -6641.02 -248.751
34700 -9565.71 -6935 -295.336
34800 -9067.8 -7044.85 -402.65
34900 -8435.98 -6960.63 -336.025
35000 -7954.79 -6706.68 -316.765
35100 -7186.01 -6590.94 -350.376
35200 -6890.15 -6208.58 -404.073
35300 -6411.94 -5836.2 -329.841
35400 -6030.74 -5644.63 -224.562
35500 -5617.23 -5186.19 -340.091
35600 -5381.05 -4644.83 -391.388
35700 -5355.84 -4268.18 -268.824
35800 -5239.56 -3730.39 -259.257
35900 -5594.92 -3143.28 -301.793
36000 -5617.5 -2860.83 -348.232
36100 -5962.61 -2403.44 -275.647
36200 -6018.31 -2216.62 -207.986
36300 -6534.98 -2007.03 -319.076
36400 -6995.55 -1735.22 -339.174
36500 -7296.04 -2071.43 -241.913
36600 -7674.97 -2067.06 -206.445
36700 -8203.9 -2267.33 -303.053
36800 -8779.96 -2610.81 -317.087
36900 -8989.32 -3487.45 -200.278
37000 -9293.85 -3880.65 -161.287
37100 -9840.18 -4334.44 -276.971
37200 -10034.1 -5010.46 -249.34
37300 -10447.9 -5405.48 -138.561
37400 -10555 -5761.13 -275.002
37500 -10406.5 -6029.55 -347.288
37600 -10089 -6087.23 -387.785
37700 -9629.99 -5847.72 -293.75
37800 -8458.93 -5329.6 -389.98
37900 -7525.75 -4809.31 -495.625
38000 -6009.1 -3989.46 -444.15
38100 -4334.87 -3063.04 -360.517
38200 -2401.12 -1854.09 -367.824
38300 -458.45 -614.055 -387.241
38400 1546.51 599.295 -234.446
38500 3472.82 1881.61 -122.013
38600 5420.51 3027.33 -185.302
38700 7216.62 3952.58 -247.403
38800 8751.3 4939.67 -158.476
38900 10001.1 5468.29 -20.0328
39000 10756.7 5916.65 -212.306
39100 11475.6 6083.84 -281.165
39200 11790.7 6300.67 -236.579
39300 11901.4 6240.36 -251.239
39400 11742.8 5969.19 -377.288
39500 11523.1 5822.9 -418.141
39600 10969.2 5469.21 -271.853
39700 10380.7 5168.85 -237.908
39800 10028.4 4747.33 -434.892
39900 9612.44 4298.11 -453.683
40000 9074.69 4182.82 -255.83
40100 8524.12 3945.55 -302.441
40200 8007.79 3892.04 -394.084
40300 7727.75 3787.59 -359.369
40400 7483.42 3733.27 -256.279
40500 7134.49 3995.03 -297.882
40600 7215.76 4094.94 -382.856
40700 6885.93 4217.5 -289.87
40800 6785.08 4360.22 -161.387
40900 7013.98 4683.19 -286.096
41000 6962.46 4861.6 -357.007
41100 7154.28 5094.17 -236.127
41200 7470.65 5415.35 -147.092
41300 7944.76 5577.64 -227.285
41400 8204.74 6017.39 -343.075
41500 8892.14 6168.45 -230.145
41600 9412.94 6302.21 -135.34
41700 10022.1 6754.01 -219.034
41800 10812 6853.7 -308.101
41900 11216 6745.96 -186.175
42000 11585.5 6819.18 -144.547
42100 11648.1 6830.51 -364.083
42200 11761.8 6857.1 -437.079
42300 11235.5 6448.13 -300.086
42400 10521.2 5903.46 -280.645
42500 9524.71 5368.38 -495.697
42600 8334.13 4518.43 -534.602
42700 6487.35 3859.91 -302.101
42800 4841.15 2725.89 -300.78
42900 2938.89 1425.7 -467.093
43000 651.795 494.446 -383.078
43100 -1211 -664.966 -103.771
43200 -3279.67 -2068 -89.4474
43300 -5104.93 -3040.5 -263.903
43400 -6621.6 -3991.35 -212.802
43500 -8097.18 -4801.56 -11.0638
43600 -9062.46 -5418.35 -83.3108
43700 -9957.57 -5778.35 -291.02
43800 -10455.8 -6015.64 -319.38
43900 -10515.7 -6258.82 -178.729
44000 -10264.1 -6125.06 -217.447
44100 -9856.35 -6190.82 -413.089
44200 -9428.75 -5951.52 -393.199
44300 -9181.08 -5775.5 -252.793
44400 -8402.45 -5417.63 -280.926
44500 -7785.89 -5045.76 -482.011
44600 -7408.53 -4828.36 -435.909
44700 -7039.13 -4297.81 -194.412
44800 -6526.83 -4332.72 -239.811
44900 -6507.26 -3849.59 -437.358
45000 -6175.53 -3808.51 -359.384
45100 -5994.3 -3483.55 -151.029
45200 -5731.67 -3216.05 -297.545
45300 -5802.48 -3120.07 -464.003
45400 -5882.84 -3063.14 -273.143
45500 -5973.36 -3027.64 -136.866
45600 -6291.56 -2981.7 -300.188
45700 -6313.93 -3040.73 -422.83
45800 -6666.64 -3418.18 -210.315
45900 -7106.58 -3532.77 -71.6419
46000 -7525.21 -3811.08 -311.762
46100 -8001.8 -4233.07 -454.084
46200 -8424.74 -4600.97 -152.369
46300 -8892.39 -4794.73 -86.8028
46400 -9290.86 -5252.41 -305.858
46500 -9896.72 -5624.79 -421.782
46600 -10039.3 -5935.45 -139.927
46700 -10462.6 -5905.73 -70.5849
46800 -10191.7 -6143.39 -432.367
46900 -10007.7 -5870.8 -530.861
47000 -9271.24 -5496.82 -274.485
47100 -8541.31 -5119.28 -250.232
47200 -7236.18 -4434.4 -611.978
47300 -5771.34 -3538.36 -556.458
47400 -4053.18 -2573.99 -195.602
47500 -2293.23 -1446.41 -232.531
47600 -125.131 -248.995 -504.873
47700 1990.4 925.121 -388.435
47800 3908.48 2172.6 -36.055
47900 5879.76 3376.43 -71.5724
48000 7587.34 4140.44 -361.036
48100 9094.86 5111.5 -228.811
48200 10172.9 5899.79 1.11621
48300 11106.6 6243.39 -158.896
48400 11630.6 6460.92 -399.257
48500 11984.9 6910.01 -365.093
48600 11937.8 6734.03 -133.398
48700 11714.3 6414 -270.939
48800 11203.1 6363.89 -580.353
48900 10879.3 6348.2 -387.616
49000 10410 5616.31 -173.925
49100 9720.54 5365.5 -374.026
49200 9340.95 5082.86 -486.908
49300 8837.65 4808.5 -343.761
49400 8449.72 4853.04 -124.029
49500 7802.2 4387.19 -361.733
49600 7731.35 4143.98 -485.689
49700 7478.01 4332.46 -265.459
49800 7142.02 4235.19 -83.1719
49900 7174.77 4046.42 -347.779
50000 7047.26 4211.25 -498.502
50100 7268.95 4170.63 -244.214
50200 7300.89 4237.76 -92.2764
50300 7449.01 4436.2 -374.883
50400 7924.82 4569.8 -465.412
50500 8298.84 4904.31 -136.818
50600 8556.41 5056.08 -72.6906
50700 9193.92 5205.47 -345.981
50800 9502.91 5697.86 -371.954
50900 10167.9 5761.54 -147.903
51000 10795.1 5934.35 -113.813
51100 11302.4 6499.31 -304.235
51200 11553.2 6541.57 -309.429
51300 11954.1 6669.38 -116.484
51400 12159.4 6787.65 -196.662
51500 11752 6678.45 -517.88
51600 11348.5 6257.48 -458.346
51700 10379.7 6016.99 -209.778
51800 9394.83 5283.76 -339.478
51900 7777.68 4490.41 -590.65
52000 6376.25 3370.61 -481.771
52100 4318.83 2227.46 -202.265
52200 2400.14 1061.91 -277.22
52300 288.286 -169.322 -426.734
52400 -1869.19 -1248.72 -253.49
52500 -3566.58 -2373.5 -12.9571
52600 -5574.01 -3438.52 -68.3109
52700 -7070.26 -4247.19 -356.033
52800 -8197.03 -4928.07 -183.945
52900 -9272.51 -5708.88 61.6881
53000 -9830.37 -5964.52 -205.01
53100 -10110.9 -6080.57 -519.504
53200 -10358.7 -6326.98 -393.189
53300 -9962.28 -6088.35 -117.905
53400 -9736.66 -6034.04 -270.031
53500 -9375.26 -5798.2 -588.137
53600 -8696.3 -5577.87 -428.328
53700 -8150.38 -5269.61 -59.328
53800 -7735.57 -4905.66 -352.413
53900 -7122.55 -4744.36 -564.143
54000 -6602.84 -4443.05 -333.766
54100 -6428.29 -3900.05 -87.8036
54200 -6136.43 -3715.29 -305.609
54300 -5933.36 -3617.63 -513.475
54400 -5737.17 -3598.41 -287.282
54500 -5594.71 -3339.31 -70.3434
54600 -5521.35 -3315.78 -391.257
54700 -5630.19 -3285.61 -481.42
54800 -5724.53 -3363.92 -232.664
54900 -5781.3 -3451.3 -62.0175
55000 -6008.49 -3777.68 -367.943
55100 -6191.91 -3644.9 -486.223
55200 -6817.4 -4197.17 -174.177
55300 -7122.48 -4451.26 -71.9137
55400 -7612.25 -4557.62 -310.29
55500 -8241.11 -5083.18 -406.998
55600 -8886.2 -5323.17 -125.936
55700 -9215.32 -5347.68 7.96518
55800 -9676.74 -5724.63 -390.248
55900 -10046.1 -6098.46 -430.393
56000 -10100.8 -6137.7 -95.4509
56100 -9862.8 -6025.66 -112.828
56200 -9667.91 -5803.95 -524.353
56300 -9091.14 -5498.96 -667.483
56400 -7842.93 -4897.68 -235.044
56500 -6520.26 -4129.43 -270.054
56600 -5197.34 -3236.97 -616.734
56700 -3395.28 -2264.9 -519.924
56800 -1188.51 -1033 -108.923
56900 603.928 112.481 -190.097
57000 2628.18 1273.07 -433.97
57100 4639.4 2539.57 -248.074
57200 6594.85 3483.24 51.118
57300 8241.89 4462.3 -10.4492
57400 9660.31 5327.25 -325.326
57500 10694 5883.34 -282.451
57600 11360 6420.46 -7.39461
57700 11856.8 6528.29 -220.465
57800 12176.6 6877.86 -459.825
57900 11910.6 6672.88 -348.159
58000 11945.4 6636.74 -139.731
58100 11319.9 6467.84 -361.712
58200 10997.6 5943.77 -508.37
58300 10384.6 5680.32 -341.235
58400 9678.74 5364.25 -215.082
58500 9313.89 5296.91 -351.051
58600 8735.09 4865.08 -470.67
58700 8474.71 4700.64 -283.281
58800 8128.94 4498.22 -141.452
58900 7712.8 4381.67 -411.232
59000 7361.72 4213.68 -432.417
59100 7355.28 4111.84 -224.849
59200 7299.62 4082.41 -171.747
59300 7449.49 4149.46 -347.706
59400 7259.31 4220.94 -430.801
59500 7444.98 4187.07 -156.251
59600 7780.97 4214.18 -162.805
59700 8085.18 4333.43 -397.601
59800 8344.4 4648.94 -315.862
59900 8752.69 4802.36 -110.735
60000 9259.75 5245.89 -163.791
60100 9827.46 5381.67 -331.283
60200 10473.3 5879.55 -303.024
60300 10773.5 5894.42 -66.0725
60400 11363.1 6092.5 -239.454
60500 11522.1 6473.01 -318.516
60600 12004 6626.07 -246.686
60700 11796.1 6641.77 -138.362
60800 11663.8 6304.82 -339.964
60900 11289.7 6064.12 -483.486
61000 10374.9 5794.18 -448.494
61100 9229.98 4957.2 -208.622
61200 7791.81 4032.86 -440.954
61300 6054.25 3165.44 -672.903
61400 4195.01 1935.92 -301.169
61500 2101.01 964.025 -102.598
61600 141.115 -215.521 -334.428
61700 -1767.96 -1387.38 -440.195
61800 -3955.56 -2486.98 -1.60868
61900 -5583.5 -3616.37 87.1103
62000 -6925.15 -4376.16 -243.881
62100 -8393.9 -5054.45 -366.292
62200 -9270.17 -5540.72 -17.9785
62300 -9836.12 -5985.17 22.2118
62400 -10330.6 -6197.95 -450.283
62500 -10090 -6174.49 -511.861
62600 -10115.4 -6023.43 -109.279
62700 -9777.88 -5745.41 -159.021
62800 -9381.84 -5595.68 -557.346
62900 -8647.97 -5266.39 -472.039
63000 -8101.13 -4974.8 -156.96
63100 -7727.89 -4554.45 -185.029
63200 -7121.95 -4350.87 -469.782
63300 -7020.87 -4025.29 -536.017
63400 -6292.19 -3847.1 -119.86
63500 -6161.06 -3654.09 -236.91
63600 -5666.79 -3402.41 -532.063
63700 -5774.29 -3156.75 -390.355
63800 -5561.66 -3504.24 -64.1882
63900 -5678.84 -3118.75 -203.885
64000 -5554.46 -3448.68 -498.675
64100 -5749.39 -3458.38 -333.251
64200 -6071.57 -3466.05 -2.23824
64300 -6269.05 -3693.56 -187.146
64400 -6624.92 -3859.14 -470.431
64500 -6885.62 -3961.01 -384.507
64600 -7625.71 -4255.86 -2.78511
64700 -7839.24 -4808.24 -135.628
64800 -8483.09 -4990.56 -530.775
64900 -8959.83 -5138.43 -268.67
65000 -9501.95 -5532.34 25.7846
65100 -10064.6 -5910.87 -137.389
65200 -10153 -6010.57 -503.342
65300 -10450.6 -5983.94 -343.124
65400 -10276 -6090.05 -136.239
65500 -9914.31 -5772.94 -319.707
65600 -9163.63 -5267.33 -649.128
65700 -7981.56 -4652.75 -494.675
65800 -6868.76 -4107.75 -252.661
65900 -5346.18 -3094.43 -348.141
66000 -3484.98 -2132.97 -620.204
66100 -1645.47 -1068.66 -309.393
66200 522.763 245.405 -8.92771
66300 2542.72 1501.58 -242.757
66400 4610.17 2476.8 -485.889
66500 6415.61 3539.69 -110.474
66600 8044.25 4495.33 105.718
66700 9408.21 5485.88 -202.729
66800 10356.2 5953.69 -406.821
66900 11211.1 6329.51 -53.8396
67000 11631.2 6645.67 -34.6149
67100 11658.1 6754.16 -358.461
67200 11640.7 6874.72 -576.682
67300 11601.4 6475.11 -219.379
67400 10958.3 6652.56 -171.788
67500 10279.2 6176.99 -450.659
67600 9968.08 5928.11 -502.488
67700 9229.55 5587.2 -248.569
67800 8833.53 5249.07 -118.175
67900 8326.65 5140.34 -455.954
68000 7816.74 4877.03 -531.261
68100 7373.4 4568.77 -168.973
68200 7312.11 4486.41 -140.308
68300 7017.04 4174.51 -373.606
68400 6986.8 4138.94 -445.143
68500 6801.28 4131.24 -169.798
68600 6855.56 3887.56 -64.8842
68700 7011.3 4066.54 -468.312
68800 7254.04 4295.75 -464.106
68900 7535.68 4126.53 -149.123
69000 7766.89 4202.45 -98.75
69100 8251.04 4552.54 -440.385
69200 8593.73 4837.33 -363.008
69300 9350.5 4958.92 -70.8766
69400 9862.85 5389.99 -144.681
69500 10296 5738 -342.734
69600 10844.1 5885.06 -319.098
69700 11254.8 6500.99 -135.083
69800 11561.5 6373.39 -86.3265
69900 11640.3 6639.75 -389.294
70000 11663.6 6675.03 -406.474
70100 11553.9 6483.17 -215.523
70200 10891.2 6411.86 -277.86
70300 10112.7 5761.89 -559.074
70400 8920.78 5058.6 -467.15
70500 7481.18 4049.13 -281.694
70600 5773.39 3353.34 -344.511
70700 3781.18 2086.5 -461.708
70800 1930.53 920.775 -392.071
70900 -130.839 -116.672 -144.034
71000 -2234.76 -1416.38 -146.753
71100 -4100.89 -2479.68 -296.743
71200 -5882.49 -3414.84 -140.225
71300 -7215.26 -4383.86 9.48132
71400 -8528.77 -5099.36 -67.5047
71500 -9427.97 -5608.83 -372.89
71600 -10179.3 -5872.76 -249.596
71700 -10306.1 -5860.23 -79.0837
71800 -10525.1 -6008.01 -271.33
71900 -10247 -5776.92 -528.796
72000 -9903.32 -5602.12 -291.564
72100 -9620.62 -5199.01 -138.26
72200 -8930.42 -4836.71 -342.864
72300 -8670.03 -4556.55 -544.994
72400 -8164.01 -4150.51 -319.988
72500 -7626.91 -3802.65 -68.9844
72600 -7199.38 -3405.81 -415.145
72700 -6767.78 -3496.98 -545.806
72800 -6478.52 -3152.52 -185.306
72900 -6247.54 -3049.49 -146.759
73000 -5958.07 -2974.7 -424.396
73100 -5854.53 -3110.78 -430.68
73200 -5825.35 -3289.27 -158.305
73300 -5870.29 -3160.77 -155.865
73400 -5988.24 -3353.84 -333.366
73500 -6148.16 -3584.43 -501.244
73600 -6330.79 -3926.4 -102.531
73700 -6463.97 -4183.14 -148.717
73800 -6972.24 -4296.59 -422.075
73900 -7521.56 -4580.5 -339.202
74000 -7833.16 -5073.92 -77.8081
74100 -8474.16 -5293.76 -122.164
74200 -8944.71 -5433.17 -384.22
74300 -9451.02 -5814.35 -383.578
74400 -9922.27 -5909.04 -45.2802
74500 -10037.9 -6064.34 -155.262
74600 -10393.2 -6279.12 -430.743
74700 -10287.7 -6048.52 -363.754
74800 -9876.16 -5709.93 -141.752
74900 -9344.04 -5380.95 -318.763
75000 -8217.98 -4869.59 -622.358
75100 -6917.46 -4095.95 -492.799
75200 -5436.96 -3174.73 -188.012
75300 -3521.56 -1927.1 -431.622
75400 -1583.79 -863.462 -526.497
75500 459.284 244.178 -282.422
75600 2476.61 1443.54 -43.3107
75700 4511.52 2529.71 -150.478
75800 6564.25 3596.31 -294.42
75900 8235.35 4660.88 -153.743
76000 9482.91 5308.77 17.523
76100 10746.4 5903.87 -91.2408
76200 11292.8 6568.53 -387.318
76300 11645.5 6615.8 -221.356
76400 11716.4 6783.11 -136.04
76500 11628 6809.1 -334.643
76600 11483 6858.35 -444.734
76700 10786.1 6531.22 -385.952
76800 10379.8 6532.54 -227.14
76900 9735.86 6248.23 -376.015
77000 9169.47 5976.85 -498.421
77100 8639.42 5825.49 -242.978
77200 8030.69 5579.32 -179.431
77300 7582.34 5496.18 -387.145
77400 7236.21 5168.06 -406.787
77500 6965.8 5094.71 -298.72
77600 6834.94 4812.08 -128.497
77700 6789.45 4428.24 -399.223
77800 6759.18 4317.21 -464.169
77900 6813.65 4343.81 -199.405
78000 7042.82 3991.61 -132.913
78100 7291.44 3976.13 -367.39
78200 7744.87 3997.72 -337.06
78300 8038.88 4054.01 -135.092
78400 8541.2 4021.16 -197.087
78500 9130.3 4338.57 -276.242
78600 9582.81 4467.31 -368.043
78700 10070.9 4712.57 -63.5986
78800 10507.6 5178.88 -99.855
78900 10981.1 5596.13 -333.897
79000 11340.5 5800.58 -319.012
79100 11792.2 6119.16 -171.722
79200 11938.4 6338.2 -179.399
79300 12082.8 6467.32 -355.59
79400 11776.4 6391.1 -427.159
79500 11142.8 6231.81 -257.391
79600 10241.4 5846.31 -267.186
79700 9178.89 5038.62 -555.078
79800 7828.57 4459.94 -504.889
79900 6107.54 3401.44 -272.485
80000 4276.92 2230.35 -241.778
80100 2276.03 991.51 -435.059
80200 135.92 -170.336 -311.091
80300 -1843.64 -1434.67 -10.5566
80400 -3722.75 -2768.78 -55.5472
80500 -5457.97 -3808.68 -341.399
80600 -6964.26 -4651.68 -163.338
80700 -8406.77 -5314.94 55.4307
80800 -9187.96 -5914.29 -122.99
80900 -10010.2 -6024 -401.475
81000 -10293.3 -6088.22 -251.543
81100 -10474.8 -6058.67 -76.3176
81200 -10459.6 -5632.63 -349.744
81300 -10175.5 -5226.76 -621.186
81400 -9905.88 -4818.88 -266.746
81500 -9280.78 -4236.44 -120.545
81600 -9206.99 -3568.43 -430.121
81700 -8613.73 -3233.15 -533.441
81800 -8138.71 -2911.28 -240.246
81900 -7766.11 -2588.25 -191.611
82000 -7491.85 -2254.11 -434.55
82100 -7058.46 -2123.59 -454.729
82200 -6623.12 -1985.27 -195.505
82300 -6228.16 -2295.87 -106.624
82400 -5859.75 -2497.81 -440.528
82500 -5753.2 -2964.15 -485.546
82600 -5534.54 -3134.25 -105.427
82700 -5341.96 -3687.84 -109.001
82800 -5395.54 -3922.96 -494.152
82900 -5344.66 -4575.83 -478.641
83000 -5652.41 -4863.14 -113.682
83100 -5648.76 -5186.46 -55.455
83200 -6142.17 -5594.93 -450.084
83300 -6655.55 -5743.81 -489.252
83400 -7293.62 -6161.07 -28.9229
83500 -7762.68 -6316.67 -46.4354
83600 -8278.47 -6457.95 -384.163
83700 -9100.81 -6493.08 -261.713
83800 -9394.01 -6652.59 -109.784
83900 -9911.7 -6404.6 -146.437
84000 -9934.9 -6616.27 -455.096
84100 -9947.65 -6076.76 -423.859
84200 -9668.55 -5764.77 -144.85
84300 -8910.55 -5415.66 -340.169
84400 -7841.13 -4592.02 -647.956
84500 -6569.98 -3875.09 -407.608
84600 -4792.74 -2804.51 -215.697
84700 -2933.84 -1775.87 -464.263
84800 -1013.9 -773.247 -454.366
84900 1101.18 317.647 -260.918
85000 3246.24 1544 -42.5795
85100 5423.74 2581.17 -195.926
85200 6906.43 3664.81 -291.555
85300 8490.91 4278.91 -71.7396
85400 9869.99 5285.21 -23.8936
85500 10731.2 5805.73 -242.498
85600 11404.8 6411.58 -344.99
85700 11718.6 6708.3 -214.772
85800 11578.7 6861.95 -188.413
85900 11221.5 7185.03 -376.822
86000 10528.3 7334.67 -503.783
86100 9916.8 7379.48 -200.704
86200 9217.54 7302.23 -208.265
86300 8659.11 7449.64 -516.409
86400 7669.01 7362.15 -503.173
86500 7186.38 7215.87 -187.974
86600 6825 7006.06 -249.873
86700 6233.9 6975.47 -451.12
86800 6001.08 6412.78 -451.096
86900 5859.61 6026.83 -136.034
87000 5896.15 5670.04 -221.357
87100 6087.89 5105.18 -541.266
87200 6155 4467.43 -304.898
87300 6432.54 4038.34 -160.599
87400 6886.98 3367.01 -211.046
87500 7425.5 2917.91 -396.37
87600 7866.26 2581.11 -313.829
87700 8308.11 2218.96 -134.036
87800 8760.2 2193.72 -179.478
87900 9310.19 2227.64 -414.455
88000 9676.44 2394.47 -255.156
88100 10113.5 2786.1 -45.629
88200 10530.2 3123.27 -256.446
88300 11015.4 3683.52 -398.145
88400 11140.5 4410.97 -327.177
88500 11622.3 4978.75 -110.423
88600 11855.2 5557.17 -134.314
88700 11891.9 6057.79 -414.281
88800 11902 6390.83 -348.974
88900 11759.6 6370.76 -167.046
89000 11224.8 6275.31 -240.495
89100 10563.4 6275.88 -588.979
89200 9223.15 5518.89 -478.503
89300 8032.73 4828.31 -280.892
89400 6389.98 3969.14 -319.125
89500 4711.41 2784.19 -554.157
89600 2621.92 1585.17 -430.06
89700 754.718 353.408 -1.50701
89800 -1347.46 -821.416 -161.107
89900 -3204.14 -2020.59 -409.273
90000 -5140.17 -3100.65 -240.562
90100 -6603.7 -4117.44 75.4528
90200 -7874.16 -4820.63 -64.7798
90300 -8990.49 -5226.35 -367.08
90400 -9805.37 -5733.47 -326.131
90500 -10218.1 -5707.48 19.4531
90600 -10427.5 -5430.3 -242.744
90700 -10628.8 -5269.69 -618.057
90800 -10373 -4687.34 -325.28
90900 -10156.2 -4067.89 -11.1654
91000 -9801.87 -3574.4 -353.842
91100 -9594.82 -2962.11 -723.053
91200 -9098.8 -2366.23 -251.439
91300 -8594.19 -2079.59 57.6666
91400 -8097.78 -1880.44 -467.146
91500 -7620.09 -1479.66 -695.169
91600 -7225.79 -1455.75 -190.404
91700 -6644.53 -1699.81 51.8401
91800 -6336.33 -1898.93 -411.207
91900 -5852.35 -2122.78 -659.554
92000 -5342.42 -2793.4 -148.054
92100 -4965.07 -3148.86 49.2552
92200 -4726.39 -3647.33 -443.955
92300 -4847.12 -4388.34 -594.322
92400 -4358.23 -4785.06 -22.5814
92500 -4537.68 -5317.77 16.6841
92600 -4760.35 -5636.37 -522.951
92700 -4988.44 -5993.02 -505.594
92800 -5413.77 -6203.42 6.02412
92900 -5951.8 -6523.55 -23.33
93000 -6610.73 -6464.32 -558.981
93100 -7324.42 -6311.53 -395.453
93200 -8172.04 -6550.35 62.0934
93300 -8950.55 -6429.46 4.63321
93400 -9491.69 -6436.08 -503.401
93500 -9927.65 -6171.04 -437.232
93600 -10232.3 -6175.22 -80.2895
93700 -10206.3 -5725.52 -140.277
93800 -10019.1 -5314.65 -693.102
93900 -9279.66 -4984.44 -514.842
94000 -8060.05 -4166.43 -189.703
94100 -6866.73 -3323.37 -254.102
94200 -5222.8 -2332.52 -704.396
94300 -3463.72 -1688.4 -471.473
94400 -1495.58 -392.871 -83.8601
94500 869.058 805.051 -257.758
94600 2526.94 1985.55 -462.751
94700 4662.85 2994.7 -245.479
94800 6526.83 3952.42 106.414
94900 8072.07 5022.84 -103.628
95000 9415.87 5760.22 -400.355
95100 10356.2 6232.85 -243.683
95200 10965.4 6829.52 31.3284
95300 11400 6896.38 -204.411
95400 11424.3 7170.15 -477.082
95500 11386.1 7267.63 -344.495
95600 10759.9 7292.77 -177.253
95700 10454.3 7315.24 -277.97
95800 9843.35 6843.4 -526.236
95900 9226.94 6772.37 -396.395
96000 8765.49 6709.31 -232.73
96100 8044.85 6272.52 -223.733
96200 7717.97 6056.65 -603.169
96300 7476.6 5586.89 -374.543
96400 7060.83 5349.24 -154.551
96500 6948.97 5016.92 -299.75
96600 6918.38 4456.27 -456.062
96700 6846.47 4211.64 -291.971
96800 7027.73 3888.91 -134.49
96900 7150.47 3442.88 -300.237
97000 7591 3340.12 -389.211
97100 7673.32 3257.46 -278.835
97200 8038.96 3221.81 -132.999
97300 8489.94 3166.51 -174.593
97400 8794.89 3434.57 -505.161
97500 9298.55 3527.88 -250.097
97600 9717.31 3986.36 -52.8791
97700 10146 4178.86 -266.372
97800 10367.3 4746.71 -479.53
97900 11137.7 5356.05 -224.088
98000 11275.3 5852.14 -18.5763
98100 11666.8 6143.16 -230.226
98200 11625.9 6466.29 -436.522
98300 11649.1 6787.42 -312.475
98400 11543.6 6774.91 -68.9911
98500 11219.1 6570.05 -465.937
98600 10326 6430.46 -636.332
98700 9343.64 5663.46 -268.252
98800 7970.51 5093.51 -180.833
98900 6347 4059.89 -608.188
99000 4512.76 2784.11 -514.76
99100 2472.95 1916.49 -207.885
99200 375.271 658.679 -121.851
99300 -1461.06 -661.576 -362.933
99400 -3638.49 -1972.58 -271.678
99500 -5327.97 -2776.3 -54.6078
99600 -6944.08 -3624.17 60.7605
99700 -8155.88 -4379.5 -235.89
99800 -9399.2 -5053.54 -324.532
99900 -10007.6 -5531.18 -86.6718
100000 -10405.1 -5754.36 -91.604
100100 -10529.2 -5573.23 -404.724
100200 -10464 -5546.75 -471.314
100300 -10327.4 -5472.61 -195.507
100400 -9802.22 -5086.37 -280.713
100500 -9343.04 -4715.11 -464.825
100600 -8880.46 -4481.41 -442.568
100700 -8599.26 -4173.1 -200.499
100800 -7746.4 -3793.08 -235.287
100900 -7291.55 -3667.04 -420.379
101000 -6800.26 -3578.63 -505.534
101100 -6458.11 -3228.76 -198.454
101200 -6148.62 -3270.12 -144.104
101300 -5942.25 -3390.59 -507.605
101400 -5764.61 -3226.79 -372.089
101500 -5411.01 -3415.33 -18.9398
101600 -5408.7 -3582.12 -223.782
101700 -5457.59 -3771.62 -488.949
101800 -5589.58 -3886.85 -369.155
101900 -5815.11 -4102.19 -83.0488
102000 -5996.22 -4225.51 -228.036
102100 -6374.57 -4370.87 -407.236
102200 -6891.37 -4795.23 -320.926
102300 -7492.82 -4911.53 -96.3579
102400 -7890.82 -5169.42 -194.248
102500 -8478.78 -5439.17 -343.632
102600 -9153.91 -5765.82 -310.729
102700 -9684.16 -5767.39 -31.354
102800 -10064 -5928.74 -228.277
102900 -10390.8 -6065.47 -485.884
103000 -10298.3 -5941.3 -313.706
103100 -10113.8 -5825.3 -87.0932
103200 -9844.45 -5591.8 -414.395
103300 -8844.54 -4999.05 -599.506
103400 -7775.89 -4138.08 -381.713
103500 -6312.35 -3274.35 -225.03
103600 -4783.94 -2350.08 -482.284
103700 -2768.49 -1417.2 -573.738
103800 -811.796 -130.573 -199.144
103900 1127.78 955.349 -71.4734
104000 3333.24 2062.76 -350.921
104100 5278.58 3141.2 -359.957
104200 7076.16 4260.05 54.0581
104300 8480.08 5194.84 -13.2569
104400 9781.37 5829.6 -283.433
104500 10641.4 6302.38 -274.012
104600 11356.2 6834.67 -40.5278
104700 11563.2 6958 -216.517
104800 11493.6 6812.98 -474.53
104900 11471.1 6877.45 -396.476
105000 10942.2 6683.5 -232.508
